  -1.8066406e-02
  -1.3183594e-02
  -9.7656250e-03
  -2.4414062e-03
   2.4414062e-03
   6.8359375e-03
   1.3183594e-02
   1.6113281e-02
   2.0507812e-02
   2.3437500e-02
   2.2460938e-02
   1.7578125e-02
   1.7578125e-02
   6.3476562e-03
   0.0000000e+00
  -1.0742188e-02
  -2.0019531e-02
  -3.0761719e-02
  -3.5156250e-02
  -4.3945312e-02
  -4.7363281e-02
  -4.8828125e-02
  -4.9316406e-02
  -4.5410156e-02
  -3.9062500e-02
  -3.4667969e-02
  -2.5878906e-02
  -1.4648438e-02
  -5.3710938e-03
   1.0742188e-02
   2.9296875e-02
   4.9316406e-02
   7.8613281e-02
   1.1035156e-01
   1.3183594e-01
   1.5234375e-01
   1.6455078e-01
   1.5771484e-01
   1.4843750e-01
   1.1718750e-01
   7.7636719e-02
   3.5156250e-02
  -1.2207031e-02
  -4.6386719e-02
  -8.8867188e-02
  -1.2060547e-01
  -1.5332031e-01
  -1.6699219e-01
  -1.7871094e-01
  -1.7382812e-01
  -1.6357422e-01
  -1.4599609e-01
  -1.2402344e-01
  -8.9843750e-02
  -5.5175781e-02
  -1.0742188e-02
   4.0039062e-02
   9.7167969e-02
   1.6699219e-01
   2.2167969e-01
   2.7050781e-01
   3.1298828e-01
   3.2031250e-01
   3.1298828e-01
   2.8466797e-01
   2.3046875e-01
   1.6894531e-01
   1.0009766e-01
   2.9296875e-03
  -7.8613281e-02
  -1.6943359e-01
  -2.6416016e-01
  -3.2568359e-01
  -3.8183594e-01
  -4.1894531e-01
  -4.1943359e-01
  -3.9599609e-01
  -3.6718750e-01
  -3.0224609e-01
  -2.2900391e-01
  -1.4111328e-01
  -5.1757812e-02
   7.3730469e-02
   1.7675781e-01
   2.9101562e-01
   3.8134766e-01
   4.6337891e-01
   4.9023438e-01
   5.1904297e-01
   4.8779297e-01
   4.4482422e-01
   3.5205078e-01
   2.5537109e-01
   1.2011719e-01
  -2.9296875e-03
  -1.5283203e-01
  -3.0419922e-01
  -4.2382812e-01
  -5.0830078e-01
  -5.5859375e-01
  -5.4150391e-01
  -4.8779297e-01
  -4.1455078e-01
  -3.2763672e-01
  -2.4951172e-01
  -1.3916016e-01
  -6.8359375e-02
   4.3945312e-03
   8.7890625e-02
   1.3183594e-01
   2.0019531e-01
   2.5146484e-01
   2.9589844e-01
   3.2958984e-01
   3.8476562e-01
   4.0136719e-01
   4.3164062e-01
   4.6533203e-01
   4.5214844e-01
   4.3359375e-01
   3.3447266e-01
   2.0898438e-01
   7.2265625e-02
  -1.3574219e-01
  -3.0078125e-01
  -4.5947266e-01
  -5.7324219e-01
  -6.3281250e-01
  -6.0546875e-01
  -5.4443359e-01
  -4.2724609e-01
  -3.0126953e-01
  -1.5478516e-01
  -3.5644531e-02
   7.4707031e-02
   1.6406250e-01
   2.0800781e-01
   2.5146484e-01
   2.5585938e-01
   2.7099609e-01
   2.6855469e-01
   2.9687500e-01
   2.9589844e-01
   3.5302734e-01
   3.6865234e-01
   4.2187500e-01
   4.2431641e-01
   3.8769531e-01
   3.0371094e-01
   1.8798828e-01
  -1.8066406e-02
  -2.1191406e-01
  -3.9697266e-01
  -5.7666016e-01
  -6.6894531e-01
  -6.9726562e-01
  -6.6601562e-01
  -5.6542969e-01
  -4.0722656e-01
  -2.8320312e-01
  -8.7890625e-02
   3.5644531e-02
   1.4941406e-01
   2.3730469e-01
   2.7392578e-01
   2.8662109e-01
   2.7685547e-01
   2.5781250e-01
   2.5537109e-01
   2.8613281e-01
   2.9785156e-01
   3.6376953e-01
   3.9794922e-01
   4.3066406e-01
   3.7939453e-01
   3.0712891e-01
   1.7236328e-01
  -2.0019531e-02
  -2.2851562e-01
  -4.2578125e-01
  -5.8886719e-01
  -6.8701172e-01
  -7.0068359e-01
  -6.6308594e-01
  -5.4687500e-01
  -3.9892578e-01
  -2.4560547e-01
  -1.0595703e-01
   4.5898438e-02
   1.1035156e-01
   1.8994141e-01
   2.2460938e-01
   2.2851562e-01
   2.2998047e-01
   2.1826172e-01
   2.3828125e-01
   2.7246094e-01
   3.2373047e-01
   3.7500000e-01
   4.4384766e-01
   4.7216797e-01
   4.7167969e-01
   3.8427734e-01
   2.6855469e-01
   9.1796875e-02
  -1.3281250e-01
  -3.3837891e-01
  -5.1318359e-01
  -6.5185547e-01
  -6.8701172e-01
  -6.6162109e-01
  -5.6640625e-01
  -4.2089844e-01
  -2.4707031e-01
  -1.0449219e-01
   2.7832031e-02
   1.2109375e-01
   1.6992188e-01
   1.9677734e-01
   2.1044922e-01
   2.0166016e-01
   1.9384766e-01
   1.9140625e-01
   2.3144531e-01
   2.9248047e-01
   3.5009766e-01
   4.3457031e-01
   4.8242188e-01
   5.0976562e-01
   4.7412109e-01
   3.6914062e-01
   2.2070312e-01
   1.8066406e-02
  -2.2363281e-01
  -4.2822266e-01
  -5.9472656e-01
  -7.0214844e-01
  -7.0947266e-01
  -6.4990234e-01
  -5.2929688e-01
  -3.7011719e-01
  -1.8945312e-01
  -4.9804688e-02
   6.6894531e-02
   1.3720703e-01
   1.6552734e-01
   1.6796875e-01
   1.7138672e-01
   1.5527344e-01
   1.5136719e-01
   1.5576172e-01
   2.0263672e-01
   2.7246094e-01
   3.3349609e-01
   4.1894531e-01
   4.7070312e-01
   4.8632812e-01
   4.4091797e-01
   3.3007812e-01
   1.7041016e-01
  -4.1992188e-02
  -2.7832031e-01
  -4.7509766e-01
  -6.3671875e-01
  -7.2314453e-01
  -7.1728516e-01
  -6.4208984e-01
  -5.1123047e-01
  -3.4619141e-01
  -1.7236328e-01
  -3.8085938e-02
   7.2753906e-02
   1.3427734e-01
   1.6601562e-01
   1.7236328e-01
   1.7041016e-01
   1.6259766e-01
   1.6699219e-01
   1.7919922e-01
   2.2119141e-01
   2.9638672e-01
   3.5791016e-01
   4.1845703e-01
   4.8242188e-01
   4.8242188e-01
   4.2773438e-01
   3.1835938e-01
   1.7382812e-01
  -5.0781250e-02
  -2.6464844e-01
  -4.5214844e-01
  -6.1083984e-01
  -6.8066406e-01
  -6.6650391e-01
  -5.9423828e-01
  -4.6484375e-01
  -2.9785156e-01
  -1.4746094e-01
  -1.9531250e-02
   8.8378906e-02
   1.4062500e-01
   1.6894531e-01
   1.8505859e-01
   1.8457031e-01
   1.8066406e-01
   1.9335938e-01
   2.1142578e-01
   2.5537109e-01
   3.1835938e-01
   3.8720703e-01
   4.3505859e-01
   4.9609375e-01
   5.0000000e-01
   4.2529297e-01
   3.1250000e-01
   1.6357422e-01
  -5.8593750e-02
  -2.8613281e-01
  -4.5996094e-01
  -6.1767578e-01
  -6.9726562e-01
  -6.7041016e-01
  -5.9570312e-01
  -4.7021484e-01
  -3.0664062e-01
  -1.5087891e-01
  -3.1738281e-02
   7.3242188e-02
   1.2500000e-01
   1.4550781e-01
   1.5771484e-01
   1.6210938e-01
   1.5478516e-01
   1.6748047e-01
   1.8847656e-01
   2.3437500e-01
   2.9052734e-01
   3.6376953e-01
   4.2041016e-01
   4.5507812e-01
   4.8486328e-01
   4.0869141e-01
   2.9345703e-01
   1.5283203e-01
  -5.4687500e-02
  -2.8320312e-01
  -4.7412109e-01
  -6.1035156e-01
  -7.1582031e-01
  -6.9140625e-01
  -6.1718750e-01
  -4.9755859e-01
  -3.4179688e-01
  -1.8408203e-01
  -6.0546875e-02
   3.4667969e-02
   1.0400391e-01
   1.2988281e-01
   1.4160156e-01
   1.5332031e-01
   1.5966797e-01
   1.7285156e-01
   1.9677734e-01
   2.3486328e-01
   2.8564453e-01
   3.5302734e-01
   4.0771484e-01
   4.3750000e-01
   4.6923828e-01
   4.3603516e-01
   3.2324219e-01
   2.0019531e-01
   3.3691406e-02
  -1.8652344e-01
  -3.8427734e-01
  -5.2587891e-01
  -6.3818359e-01
  -6.6894531e-01
  -5.9912109e-01
  -5.0244141e-01
  -3.6669922e-01
  -2.1240234e-01
  -7.8613281e-02
   1.3183594e-02
   8.8867188e-02
   1.3085938e-01
   1.4208984e-01
   1.5136719e-01
   1.7333984e-01
   1.8261719e-01
   2.0410156e-01
   2.3876953e-01
   2.8417969e-01
   3.3105469e-01
   3.9062500e-01
   4.2675781e-01
   4.4873047e-01
   4.5654297e-01
   3.9160156e-01
   2.7050781e-01
   1.4111328e-01
  -3.8574219e-02
  -2.4951172e-01
  -4.2236328e-01
  -5.4443359e-01
  -6.3378906e-01
  -6.3427734e-01
  -5.5175781e-01
  -4.4921875e-01
  -3.1689453e-01
  -1.7431641e-01
  -6.0546875e-02
   1.6601562e-02
   7.7148438e-02
   1.1035156e-01
   1.1669922e-01
   1.3330078e-01
   1.5283203e-01
   1.6992188e-01
   1.9042969e-01
   2.2900391e-01
   2.7343750e-01
   3.1591797e-01
   3.6572266e-01
   3.9648438e-01
   4.0332031e-01
   3.9404297e-01
   3.2910156e-01
   1.9921875e-01
   7.9101562e-02
  -9.4238281e-02
  -2.8759766e-01
  -4.5263672e-01
  -5.5322266e-01
  -6.2597656e-01
  -6.1865234e-01
  -5.3759766e-01
  -4.3554688e-01
  -3.0957031e-01
  -1.7822266e-01
  -6.7871094e-02
  -1.9531250e-03
   5.4199219e-02
   8.3007812e-02
   9.7656250e-02
   1.1132812e-01
   1.4306641e-01
   1.6796875e-01
   1.9531250e-01
   2.3339844e-01
   2.7832031e-01
   3.1738281e-01
   3.6279297e-01
   3.8427734e-01
   3.9013672e-01
   3.8720703e-01
   3.3105469e-01
   2.1289062e-01
   9.8632812e-02
  -4.5410156e-02
  -2.3535156e-01
  -3.9208984e-01
  -4.9755859e-01
  -5.6787109e-01
  -5.7861328e-01
  -5.0927734e-01
  -4.1015625e-01
  -2.9785156e-01
  -1.7333984e-01
  -6.0058594e-02
   1.0742188e-02
   6.2988281e-02
   1.0107422e-01
   1.2011719e-01
   1.3085938e-01
   1.6210938e-01
   1.9433594e-01
   2.1875000e-01
   2.4365234e-01
   2.8564453e-01
   3.1835938e-01
   3.5449219e-01
   3.8085938e-01
   3.8525391e-01
   3.8232422e-01
   3.5009766e-01
   2.5537109e-01
   1.3867188e-01
   2.6367188e-02
  -1.5478516e-01
  -3.2421875e-01
  -4.4775391e-01
  -5.2392578e-01
  -5.6982422e-01
  -5.3369141e-01
  -4.4482422e-01
  -3.4326172e-01
  -2.3144531e-01
  -1.1816406e-01
  -2.5390625e-02
   2.0019531e-02
   6.3476562e-02
   8.8867188e-02
   1.0253906e-01
   1.1865234e-01
   1.5625000e-01
   1.8896484e-01
   2.0849609e-01
   2.3925781e-01
   2.7685547e-01
   3.0566406e-01
   3.3203125e-01
   3.4375000e-01
   3.3886719e-01
   3.2812500e-01
   2.7685547e-01
   1.6845703e-01
   6.3476562e-02
  -6.5917969e-02
  -2.3974609e-01
  -3.9160156e-01
  -4.9316406e-01
  -5.5468750e-01
  -5.7519531e-01
  -5.1708984e-01
  -4.2138672e-01
  -3.1738281e-01
  -2.1386719e-01
  -1.0595703e-01
  -2.4414062e-02
   2.0996094e-02
   6.0546875e-02
   9.0820312e-02
   1.1035156e-01
   1.3330078e-01
   1.7382812e-01
   2.0947266e-01
   2.2998047e-01
   2.5732422e-01
   2.9394531e-01
   3.2470703e-01
   3.3837891e-01
   3.4423828e-01
   3.4033203e-01
   3.2324219e-01
   2.5781250e-01
   1.4697266e-01
   5.2734375e-02
  -8.3007812e-02
  -2.4609375e-01
  -3.8574219e-01
  -4.6923828e-01
  -5.2392578e-01
  -5.3222656e-01
  -4.7167969e-01
  -3.7353516e-01
  -2.7294922e-01
  -1.7626953e-01
  -7.0800781e-02
   3.4179688e-03
   4.5410156e-02
   7.8613281e-02
   1.1181641e-01
   1.3378906e-01
   1.5527344e-01
   1.9287109e-01
   2.2802734e-01
   2.4609375e-01
   2.7001953e-01
   3.1201172e-01
   3.5205078e-01
   3.6230469e-01
   3.6181641e-01
   3.6572266e-01
   3.4423828e-01
   2.6660156e-01
   1.4453125e-01
   4.4433594e-02
  -9.7656250e-02
  -2.6953125e-01
  -4.1162109e-01
  -4.9169922e-01
  -5.4003906e-01
  -5.4931641e-01
  -4.8535156e-01
  -3.8037109e-01
  -2.7490234e-01
  -1.8457031e-01
  -8.2031250e-02
  -8.7890625e-03
   2.8320312e-02
   5.4199219e-02
   8.4472656e-02
   1.1279297e-01
   1.3330078e-01
   1.7089844e-01
   2.1484375e-01
   2.4316406e-01
   2.5732422e-01
   2.8662109e-01
   3.2861328e-01
   3.3447266e-01
   3.2275391e-01
   3.1738281e-01
   3.0712891e-01
   2.4658203e-01
   1.2841797e-01
   3.2714844e-02
  -8.4472656e-02
  -2.5195312e-01
  -4.0429688e-01
  -4.9560547e-01
  -5.3906250e-01
  -5.6250000e-01
  -5.2246094e-01
  -4.2382812e-01
  -3.1054688e-01
  -2.1826172e-01
  -1.2451172e-01
  -3.6132812e-02
   2.1484375e-02
   5.4687500e-02
   8.4472656e-02
   1.2646484e-01
   1.5673828e-01
   1.8847656e-01
   2.1972656e-01
   2.4804688e-01
   2.6855469e-01
   3.0566406e-01
   3.5009766e-01
   3.5791016e-01
   3.5644531e-01
   3.4863281e-01
   3.4814453e-01
   2.8759766e-01
   1.6845703e-01
   5.1757812e-02
  -6.7382812e-02
  -2.2656250e-01
  -3.9111328e-01
  -4.9414062e-01
  -5.3710938e-01
  -5.5029297e-01
  -5.1611328e-01
  -4.2041016e-01
  -2.9248047e-01
  -1.8945312e-01
  -1.0156250e-01
  -2.1484375e-02
   4.7851562e-02
   8.6914062e-02
   1.0449219e-01
   1.4111328e-01
   1.7675781e-01
   2.0800781e-01
   2.2802734e-01
   2.5390625e-01
   2.8613281e-01
   3.2373047e-01
   3.5400391e-01
   3.6621094e-01
   3.6718750e-01
   3.5888672e-01
   3.4667969e-01
   3.0078125e-01
   1.9091797e-01
   6.7382812e-02
  -5.2246094e-02
  -2.0312500e-01
  -3.6279297e-01
  -4.8925781e-01
  -5.4687500e-01
  -5.6396484e-01
  -5.3759766e-01
  -4.6582031e-01
  -3.4619141e-01
  -2.2851562e-01
  -1.3525391e-01
  -6.2011719e-02
   1.0253906e-02
   6.3476562e-02
   8.9843750e-02
   1.1132812e-01
   1.4648438e-01
   1.8261719e-01
   1.9433594e-01
   1.9482422e-01
   2.4072266e-01
   2.9541016e-01
   3.3203125e-01
   3.4375000e-01
   3.5351562e-01
   3.6669922e-01
   3.4863281e-01
   3.0224609e-01
   2.0214844e-01
   7.9101562e-02
  -5.7128906e-02
  -2.0507812e-01
  -3.5791016e-01
  -4.8486328e-01
  -5.6542969e-01
  -5.9033203e-01
  -5.6250000e-01
  -4.8632812e-01
  -3.7402344e-01
  -2.5537109e-01
  -1.4892578e-01
  -6.9335938e-02
  -3.9062500e-03
   5.2246094e-02
   8.9843750e-02
   1.1474609e-01
   1.3916016e-01
   1.6748047e-01
   1.8017578e-01
   1.9726562e-01
   2.4707031e-01
   3.0615234e-01
   3.5693359e-01
   3.7500000e-01
   3.9013672e-01
   3.8916016e-01
   3.7890625e-01
   3.3789062e-01
   2.5830078e-01
   1.3281250e-01
  -9.7656250e-04
  -1.3281250e-01
  -2.7783203e-01
  -4.1406250e-01
  -5.2246094e-01
  -5.6250000e-01
  -5.5029297e-01
  -4.8876953e-01
  -3.9697266e-01
  -2.8125000e-01
  -1.7089844e-01
  -8.4960938e-02
  -2.0019531e-02
   4.2480469e-02
   9.9121094e-02
   1.3330078e-01
   1.5527344e-01
   1.6796875e-01
   1.8164062e-01
   2.0410156e-01
   2.4658203e-01
   2.9150391e-01
   3.4033203e-01
   3.7207031e-01
   3.8867188e-01
   3.8574219e-01
   3.8085938e-01
   3.5693359e-01
   2.9882812e-01
   1.9433594e-01
   6.2988281e-02
  -6.3964844e-02
  -1.9775391e-01
  -3.4423828e-01
  -4.8388672e-01
  -5.7177734e-01
  -5.8935547e-01
  -5.5419922e-01
  -4.8242188e-01
  -3.8623047e-01
  -2.7392578e-01
  -1.6943359e-01
  -8.7890625e-02
  -1.9042969e-02
   4.7851562e-02
   1.0253906e-01
   1.3476562e-01
   1.4648438e-01
   1.5234375e-01
   1.7285156e-01
   2.1044922e-01
   2.4511719e-01
   2.8320312e-01
   3.1689453e-01
   3.5058594e-01
   3.6376953e-01
   3.5888672e-01
   3.4277344e-01
   3.1445312e-01
   2.5634766e-01
   1.5039062e-01
   1.8066406e-02
  -1.0839844e-01
  -2.4609375e-01
  -3.9160156e-01
  -5.3173828e-01
  -6.1035156e-01
  -6.1181641e-01
  -5.5908203e-01
  -4.7802734e-01
  -3.8476562e-01
  -2.6513672e-01
  -1.4746094e-01
  -4.8339844e-02
   2.5878906e-02
   9.7167969e-02
   1.4697266e-01
   1.7041016e-01
   1.6894531e-01
   1.8505859e-01
   2.2900391e-01
   2.7587891e-01
   3.0517578e-01
   3.3056641e-01
   3.6523438e-01
   3.9257812e-01
   3.9550781e-01
   3.7744141e-01
   3.4570312e-01
   3.0322266e-01
   2.4414062e-01
   1.4306641e-01
   1.7089844e-02
  -1.2451172e-01
  -2.7099609e-01
  -4.1406250e-01
  -5.3662109e-01
  -6.0009766e-01
  -6.0302734e-01
  -5.4785156e-01
  -4.6972656e-01
  -3.6621094e-01
  -2.4365234e-01
  -1.1621094e-01
  -2.9296875e-03
   8.3007812e-02
   1.3720703e-01
   1.6845703e-01
   1.9384766e-01
   2.1630859e-01
   2.3828125e-01
   2.5732422e-01
   2.9101562e-01
   3.3349609e-01
   3.7500000e-01
   3.9111328e-01
   3.9257812e-01
   3.8281250e-01
   3.6767578e-01
   3.3154297e-01
   2.7197266e-01
   1.8457031e-01
   6.5917969e-02
  -7.0800781e-02
  -2.3095703e-01
  -3.9111328e-01
  -5.3125000e-01
  -6.2500000e-01
  -6.5917969e-01
  -6.4160156e-01
  -5.7275391e-01
  -4.7607422e-01
  -3.5205078e-01
  -2.2314453e-01
  -9.9121094e-02
   9.7656250e-04
   8.3984375e-02
   1.5136719e-01
   2.0751953e-01
   2.4511719e-01
   2.7001953e-01
   2.8857422e-01
   3.1738281e-01
   3.5156250e-01
   3.7451172e-01
   3.7500000e-01
   3.5937500e-01
   3.4423828e-01
   3.2421875e-01
   2.9052734e-01
   2.3681641e-01
   1.7431641e-01
   1.0058594e-01
   4.8828125e-03
  -1.2890625e-01
  -2.7832031e-01
  -4.2675781e-01
  -5.4150391e-01
  -6.1621094e-01
  -6.4990234e-01
  -6.3867188e-01
  -5.7617188e-01
  -4.6679688e-01
  -3.2617188e-01
  -1.8261719e-01
  -4.5410156e-02
   7.4218750e-02
   1.8310547e-01
   2.7050781e-01
   3.2470703e-01
   3.4863281e-01
   3.5156250e-01
   3.5595703e-01
   3.6328125e-01
   3.7011719e-01
   3.6474609e-01
   3.5107422e-01
   3.3447266e-01
   3.0810547e-01
   2.5244141e-01
   1.9384766e-01
   1.5039062e-01
   1.2109375e-01
   7.5683594e-02
   0.0000000e+00
  -1.0644531e-01
  -2.1777344e-01
  -3.1884766e-01
  -4.1406250e-01
  -5.0000000e-01
  -5.6689453e-01
  -5.7812500e-01
  -5.2978516e-01
  -4.2529297e-01
  -3.0566406e-01
  -1.8066406e-01
  -5.6152344e-02
   7.1289062e-02
   1.8994141e-01
   2.7685547e-01
   3.2470703e-01
   3.3691406e-01
   3.3251953e-01
   3.2470703e-01
   3.1933594e-01
   3.1396484e-01
   3.0175781e-01
   2.8369141e-01
   2.6416016e-01
   2.4902344e-01
   2.2998047e-01
   2.0312500e-01
   1.6699219e-01
   1.2597656e-01
   7.2265625e-02
  -7.8125000e-03
  -1.0986328e-01
  -2.3486328e-01
  -3.5400391e-01
  -4.6533203e-01
  -5.5322266e-01
  -6.0644531e-01
  -6.0791016e-01
  -5.4687500e-01
  -4.3847656e-01
  -3.0273438e-01
  -1.6796875e-01
  -4.1015625e-02
   7.9101562e-02
   1.8408203e-01
   2.6025391e-01
   2.9980469e-01
   3.0712891e-01
   3.0175781e-01
   2.9589844e-01
   2.9101562e-01
   2.7636719e-01
   2.5683594e-01
   2.3730469e-01
   2.2119141e-01
   2.0458984e-01
   1.7871094e-01
   1.5429688e-01
   1.1962891e-01
   6.2011719e-02
  -1.4160156e-02
  -1.0009766e-01
  -1.7675781e-01
  -2.3583984e-01
  -2.7343750e-01
  -3.1933594e-01
  -3.6962891e-01
  -4.1113281e-01
  -4.1113281e-01
  -3.7500000e-01
  -3.1494141e-01
  -2.4755859e-01
  -1.6601562e-01
  -6.9335938e-02
   3.8085938e-02
   1.2841797e-01
   1.9238281e-01
   2.3095703e-01
   2.5537109e-01
   2.7294922e-01
   2.8613281e-01
   2.8173828e-01
   2.6269531e-01
   2.3242188e-01
   2.0361328e-01
   1.8310547e-01
   1.7431641e-01