  -1.1230469e-02
  -9.7656250e-03
  -9.2773438e-03
  -8.3007812e-03
  -7.3242188e-03
  -5.8593750e-03
  -4.8828125e-03
  -4.8828125e-03
  -4.3945312e-03
  -3.4179688e-03
  -2.9296875e-03
  -1.4648438e-03
  -4.8828125e-04
   4.8828125e-04
   9.7656250e-04
   0.0000000e+00
   1.9531250e-03
   4.3945312e-03
   6.3476562e-03
   7.3242188e-03
   7.3242188e-03
   8.7890625e-03
   1.0742188e-02
   1.1230469e-02
   1.1718750e-02
   9.7656250e-03
  -6.8359375e-03
  -9.1796875e-02
  -3.5156250e-02
   3.9550781e-02
  -2.0019531e-02
   3.3203125e-02
  -4.8828125e-04
   4.8828125e-02
   4.7851562e-02
   5.6152344e-02
   3.5156250e-02
   3.8085938e-02
   2.8320312e-02
   3.1738281e-02
   3.9550781e-02
   2.2460938e-02
   1.2695312e-02
  -9.7656250e-04
  -2.4414062e-03
  -2.2460938e-02
  -6.3964844e-02
  -1.2500000e-01
  -3.4179688e-02
  -1.3183594e-02
   3.2714844e-02
   4.7363281e-02
   3.5156250e-02
   8.5937500e-02
   6.8359375e-02
   6.6894531e-02
   5.2246094e-02
   3.8574219e-02
   2.9296875e-02
   4.9316406e-02
   5.4199219e-02
   4.0039062e-02
   3.7109375e-02
   3.0273438e-02
   2.9785156e-02
   4.4433594e-02
   1.0937500e-01
   6.8359375e-03
  -2.9394531e-01
  -2.5048828e-01
  -3.0224609e-01
  -3.6425781e-01
  -2.6611328e-01
  -2.5292969e-01
  -1.1962891e-01
   8.2519531e-02
   1.6503906e-01
   2.4365234e-01
   2.5976562e-01
   2.0019531e-01
   1.4208984e-01
   1.7089844e-01
   1.0058594e-01
   2.2949219e-02
  -3.1738281e-02
  -1.2451172e-01
  -1.9384766e-01
  -7.8613281e-02
  -6.4453125e-02
  -1.5136719e-02
   7.5683594e-02
   9.5214844e-02
   1.3623047e-01
   1.8994141e-01
   1.6699219e-01
   1.0986328e-01
   8.8867188e-02
   3.4667969e-02
  -6.3476562e-03
   1.3671875e-02
  -2.3437500e-02
  -4.6875000e-02
  -2.8320312e-02
  -2.5390625e-02
  -1.0253906e-02
   4.9804688e-02
   6.2988281e-02
   5.6152344e-02
   6.7871094e-02
   7.0312500e-02
   5.8105469e-02
   1.0351562e-01
   8.5449219e-02
   7.0800781e-02
   5.5175781e-02
   4.3945312e-02
   6.8359375e-03
   5.0781250e-02
   1.6113281e-02
   1.0742188e-02
  -2.1972656e-02
  -2.0019531e-02
  -5.4199219e-02
  -2.4902344e-02
  -4.9804688e-02
  -8.1054688e-02
  -7.0800781e-02
  -9.4238281e-02
  -1.0449219e-01
  -9.0332031e-02
  -7.9589844e-02
  -9.7167969e-02
  -5.8593750e-02
  -7.5683594e-02
  -6.7871094e-02
  -4.6875000e-02
  -3.3691406e-02
  -4.8339844e-02
  -4.2968750e-02
  -6.2988281e-02
  -5.4687500e-02
  -3.6132812e-02
  -7.8125000e-03
  -3.1738281e-02
   9.7656250e-03
  -1.0253906e-02
   1.2207031e-02
   3.5156250e-02
   4.5898438e-02
   1.4648438e-02
   8.3007812e-03
  -2.8808594e-02
  -7.9589844e-02
  -4.9804688e-02
  -1.4306641e-01
  -1.0888672e-01
  -1.2939453e-01
  -1.0937500e-01
  -7.5195312e-02
  -3.2226562e-02
  -1.1230469e-02
   2.2460938e-02
   7.4218750e-02
   3.4667969e-02
   1.3378906e-01
   5.5664062e-02
   1.0156250e-01
   3.1738281e-02
   3.6132812e-02
  -2.5390625e-02
  -6.3476562e-03
  -8.4960938e-02
  -8.7890625e-02
  -1.0986328e-01
  -1.2500000e-01
  -9.3261719e-02
  -8.1542969e-02
  -6.8359375e-02
  -3.2226562e-02
   1.4648438e-02
   6.3476562e-03
   6.0058594e-02
   2.8320312e-02
   3.6621094e-02
   5.1269531e-02
   5.2734375e-02
   4.1015625e-02
   7.0312500e-02
   4.4921875e-02
   5.5175781e-02
   6.0058594e-02
   4.0039062e-02
   2.8808594e-02
   1.9042969e-02
  -2.9296875e-02
  -2.5878906e-02
  -6.2988281e-02
  -4.2968750e-02
  -3.7109375e-02
  -3.8085938e-02
  -2.9296875e-03
   3.4179688e-02
   5.4199219e-02
   1.1425781e-01
   1.1914062e-01
   1.2646484e-01
   1.5722656e-01
   1.3525391e-01
   9.8144531e-02
   1.0058594e-01
   4.0039062e-02
   4.8339844e-02
   2.4414062e-02
   5.9082031e-02
   3.2226562e-02
   7.7636719e-02
   6.4941406e-02
   8.1542969e-02
   6.0058594e-02
   9.1308594e-02
   4.6386719e-02
   4.0039062e-02
   6.8359375e-02
  -1.6113281e-02
   2.5390625e-02
  -2.4414062e-02
  -5.9570312e-02
  -8.5937500e-02
  -1.1035156e-01
  -1.4453125e-01
  -1.1474609e-01
  -1.4160156e-01
  -1.2646484e-01
  -1.0742188e-01
  -1.0107422e-01
  -6.3964844e-02
  -1.1718750e-02
   3.9062500e-03
   5.8593750e-03
   5.1757812e-02
   2.7832031e-02
   4.6875000e-02
   6.5429688e-02
   3.0273438e-02
   9.2773438e-03
   5.4687500e-02
   8.3007812e-03
   3.7597656e-02
   5.0292969e-02
   4.3457031e-02
   6.2988281e-02
   8.2519531e-02
   7.3730469e-02
   3.9062500e-02
   4.9804688e-02
  -1.9531250e-03
   0.0000000e+00
  -9.7656250e-03
   1.4160156e-02
  -2.1484375e-02
   1.8554688e-02
  -1.5625000e-02
  -1.2695312e-02
  -7.3242188e-03
   1.9042969e-02
   9.7656250e-04
   2.2949219e-02
   3.2226562e-02
   1.7089844e-02
   6.3964844e-02
   5.3222656e-02
   5.4199219e-02
   3.5156250e-02
   5.3710938e-02
  -1.9531250e-03
   2.1972656e-02
  -2.1484375e-02
  -3.4179688e-02
  -6.8847656e-02
  -5.7617188e-02
  -7.7636719e-02
  -6.3476562e-02
  -6.5429688e-02
  -4.0527344e-02
  -3.0273438e-02
   9.7656250e-04
   2.1972656e-02
   3.0761719e-02
   6.3964844e-02
   4.8339844e-02
   7.1289062e-02
   5.5175781e-02
   5.4199219e-02
   3.0761719e-02
   4.9316406e-02
   2.4414062e-03
   1.9531250e-03
   4.8828125e-03
   3.9062500e-03
   3.8574219e-02
   7.2753906e-02
   8.1054688e-02
   7.9589844e-02
   9.5214844e-02
   6.5917969e-02
   7.1777344e-02
   3.4179688e-02
   1.7089844e-02
   7.3242188e-03
   7.3242188e-03
  -1.0253906e-02
  -2.0996094e-02
  -2.3437500e-02
  -6.3964844e-02
  -3.9550781e-02
  -6.9335938e-02
  -8.3007812e-02
  -9.2773438e-02
  -1.0498047e-01
  -1.2402344e-01
  -1.2255859e-01
  -1.3818359e-01
  -1.4355469e-01
  -1.1328125e-01
  -9.0820312e-02
  -5.2734375e-02
  -3.6621094e-02
   2.9296875e-03
   2.3437500e-02
   5.2246094e-02
   4.9316406e-02
   5.5664062e-02
   4.8339844e-02
   1.6113281e-02
   2.8808594e-02
   2.3925781e-02
   8.7890625e-03
   1.6601562e-02
   1.0742188e-02
   1.1718750e-02
   1.6601562e-02
   3.4179688e-02
   1.1230469e-02
   2.6855469e-02
   2.1972656e-02
   2.9296875e-02
   2.7343750e-02
   9.7656250e-03
   2.3437500e-02
  -3.4179688e-03
   1.9042969e-02
  -4.8828125e-04
  -9.7656250e-04
   1.4648438e-03
   1.0742188e-02
  -2.9296875e-03
  -4.8828125e-04
   1.4648438e-02
   9.7656250e-04
  -1.8066406e-02
  -2.8320312e-02
  -6.6406250e-02
  -1.0253906e-01
  -1.2792969e-01
  -1.8164062e-01
  -2.3535156e-01
  -2.8222656e-01
  -3.2275391e-01
  -3.5058594e-01
  -3.4375000e-01
  -3.1591797e-01
  -2.6660156e-01
  -1.8261719e-01
  -8.7402344e-02
   3.0273438e-02
   1.4599609e-01
   2.6660156e-01
   3.5644531e-01
   4.3994141e-01
   5.0488281e-01
   5.4150391e-01
   5.4931641e-01
   5.4492188e-01
   4.9902344e-01
   4.4384766e-01
   3.9746094e-01
   3.2373047e-01
   2.6220703e-01
   1.8066406e-01
   1.2500000e-01
   8.8867188e-02
   2.7343750e-02
  -2.0263672e-01
  -3.0761719e-01
  -4.2724609e-01
  -6.9726562e-01
  -7.5683594e-01
  -8.4570312e-01
  -8.8183594e-01
  -8.0859375e-01
  -6.2890625e-01
  -4.4091797e-01
  -2.1386719e-01
   4.2480469e-02
   2.0751953e-01
   3.5791016e-01
   4.1162109e-01
   3.4082031e-01
   2.9248047e-01
   1.2402344e-01
  -4.7363281e-02
  -1.2158203e-01
  -2.2998047e-01
  -2.0898438e-01
  -1.5087891e-01
  -1.6113281e-02
   1.2353516e-01
   3.1347656e-01
   4.6630859e-01
   5.9082031e-01
   6.9531250e-01
   7.1044922e-01
   7.0849609e-01
   6.5576172e-01
   5.7373047e-01
   4.8291016e-01
   3.7011719e-01
   2.6416016e-01
   1.5966797e-01
  -1.5380859e-01
  -3.5107422e-01
  -4.4042969e-01
  -8.3007812e-01
  -8.8085938e-01
  -9.8730469e-01
  -1.0000000e+00
  -9.6533203e-01
  -7.6855469e-01
  -5.2734375e-01
  -3.1884766e-01
   2.1972656e-02
   2.4658203e-01
   4.2822266e-01
   5.8056641e-01
   5.2636719e-01
   3.6083984e-01
   1.9335938e-01
  -1.5625000e-02
  -3.0566406e-01
  -3.5986328e-01
  -4.4287109e-01
  -4.1894531e-01
  -2.9052734e-01
  -9.4238281e-02
   1.3085938e-01
   3.4570312e-01
   5.9765625e-01
   7.1630859e-01
   8.1738281e-01
   8.4033203e-01
   8.1103516e-01
   7.3535156e-01
   6.4257812e-01
   5.3759766e-01
   3.8134766e-01
   3.0371094e-01
   2.0312500e-01
  -4.8828125e-03
  -3.1787109e-01
  -3.7500000e-01
  -6.8408203e-01
  -9.1748047e-01
  -9.5800781e-01
  -1.0000000e+00
  -1.0000000e+00
  -9.1210938e-01
  -6.3769531e-01
  -4.1992188e-01
  -1.4306641e-01
   1.9628906e-01
   4.1552734e-01
   5.8300781e-01
   7.0556641e-01
   6.3671875e-01
   4.5898438e-01
   2.3144531e-01
  -2.8320312e-02
  -2.6953125e-01
  -4.7509766e-01
  -5.0488281e-01
  -5.2490234e-01
  -4.0332031e-01
  -2.0507812e-01
   2.6367188e-02
   2.7343750e-01
   4.8193359e-01
   6.7773438e-01
   7.8173828e-01
   8.3056641e-01
   8.2226562e-01
   7.5781250e-01
   6.5087891e-01
   5.2832031e-01
   3.9941406e-01
   2.7587891e-01
   1.9189453e-01
   1.0498047e-01
  -1.9287109e-01
  -3.7841797e-01
  -4.7021484e-01
  -8.1005859e-01
  -9.2041016e-01
  -1.0000000e+00
  -1.0000000e+00
  -1.0000000e+00
  -8.5400391e-01
  -5.5322266e-01
  -3.4863281e-01
  -4.8339844e-02
   2.5927734e-01
   4.7558594e-01
   6.3134766e-01
   6.9775391e-01
   6.6845703e-01
   4.6972656e-01
   1.9628906e-01
  -7.0800781e-02
  -2.9785156e-01
  -5.2001953e-01
  -6.0839844e-01
  -5.7177734e-01
  -4.6923828e-01
  -2.7148438e-01
  -1.0253906e-02
   2.6416016e-01
   4.7216797e-01
   6.5527344e-01
   7.9052734e-01
   8.2714844e-01
   8.0224609e-01
   7.4267578e-01
   6.4306641e-01
   4.9902344e-01
   3.6328125e-01
   2.7197266e-01
   1.9775391e-01
   1.3916016e-01
  -6.9335938e-02
  -3.1982422e-01
  -3.5546875e-01
  -6.4404297e-01
  -8.1152344e-01
  -9.2822266e-01
  -9.6777344e-01
  -9.4824219e-01
  -8.9404297e-01
  -6.1083984e-01
  -3.8330078e-01
  -1.3281250e-01
   1.5966797e-01
   4.2578125e-01
   6.3281250e-01
   7.0117188e-01
   7.4804688e-01
   6.3720703e-01
   4.0087891e-01
   1.2792969e-01
  -1.6601562e-01
  -3.4716797e-01
  -5.5078125e-01
  -6.0107422e-01
  -5.4882812e-01
  -4.0869141e-01
  -1.9384766e-01
   3.9062500e-02
   3.1542969e-01
   5.0195312e-01
   6.6406250e-01
   7.6562500e-01
   7.8417969e-01
   7.5488281e-01
   6.5332031e-01
   5.5712891e-01
   4.2431641e-01
   2.9199219e-01
   2.0947266e-01
   1.4990234e-01
   1.1035156e-01
  -9.3261719e-02
  -3.1494141e-01
  -3.5937500e-01
  -6.1132812e-01
  -7.7539062e-01
  -9.2041016e-01
  -9.3310547e-01
  -9.1015625e-01
  -8.7109375e-01
  -6.1230469e-01
  -3.7451172e-01
  -1.1914062e-01
   1.2402344e-01
   3.8085938e-01
   5.9716797e-01
   6.5185547e-01
   6.7773438e-01
   6.0449219e-01
   4.0380859e-01
   1.2060547e-01
  -1.6992188e-01
  -3.5107422e-01
  -5.4052734e-01
  -6.3964844e-01
  -6.0839844e-01
  -4.7802734e-01
  -2.8173828e-01
  -7.8613281e-02
   1.9531250e-01
   4.1308594e-01
   5.6884766e-01
   6.7871094e-01
   7.3486328e-01
   7.1826172e-01
   6.3037109e-01
   5.3076172e-01
   4.1699219e-01
   3.1152344e-01
   2.1142578e-01
   1.5576172e-01
   1.4062500e-01
   1.1083984e-01
  -8.0566406e-02
  -2.6416016e-01
  -3.2031250e-01
  -5.1953125e-01
  -6.8652344e-01
  -8.4912109e-01
  -8.3691406e-01
  -7.9101562e-01
  -7.3925781e-01
  -5.2636719e-01
  -2.8271484e-01
  -1.7089844e-02
   1.8457031e-01
   4.1015625e-01
   6.2695312e-01
   6.9726562e-01
   6.8994141e-01
   5.8984375e-01
   4.0576172e-01
   1.3330078e-01
  -1.5185547e-01
  -3.5644531e-01
  -5.1025391e-01
  -6.0107422e-01
  -5.9326172e-01
  -4.6728516e-01
  -2.6269531e-01
  -5.3710938e-02
   1.7773438e-01
   3.8818359e-01
   5.5371094e-01
   6.4990234e-01
   6.6992188e-01
   6.3330078e-01
   5.4931641e-01
   4.1943359e-01
   2.7148438e-01
   1.6699219e-01
   1.0449219e-01
   6.6406250e-02
   4.0039062e-02
   4.9804688e-02
   8.1054688e-02
  -3.3691406e-02
  -1.7089844e-01
  -2.3339844e-01
  -3.7011719e-01
  -5.0830078e-01
  -6.9531250e-01
  -7.2216797e-01
  -6.9531250e-01
  -6.3183594e-01
  -4.8828125e-01
  -2.9687500e-01
  -3.4667969e-02
   1.7333984e-01
   3.7011719e-01
   5.3808594e-01
   6.2744141e-01
   6.2841797e-01
   4.8681641e-01
   2.7246094e-01
   2.9296875e-02
  -2.1630859e-01
  -4.1748047e-01
  -5.7421875e-01
  -6.2939453e-01
  -5.8447266e-01
  -4.5947266e-01
  -2.6025391e-01
  -4.0527344e-02
   1.9531250e-01
   3.7988281e-01
   5.2880859e-01
   6.1767578e-01
   6.2109375e-01
   5.5322266e-01
   4.4726562e-01
   3.1542969e-01
   1.6845703e-01
   6.1523438e-02
   6.3476562e-03
   6.8359375e-03
   3.0761719e-02
   5.5175781e-02
   1.2597656e-01
   1.8603516e-01
   9.3261719e-02
  -1.0742188e-02
  -1.3330078e-01
  -2.7148438e-01
  -4.2626953e-01
  -6.2011719e-01
  -6.7187500e-01
  -6.5820312e-01
  -5.6933594e-01
  -4.5166016e-01
  -2.7929688e-01
  -4.2480469e-02
   1.7089844e-01
   3.6035156e-01
   4.8046875e-01
   5.5078125e-01
   5.3515625e-01
   3.8183594e-01
   1.4501953e-01
  -9.7656250e-02
  -2.6953125e-01
  -4.1552734e-01
  -5.2539062e-01
  -5.4687500e-01
  -4.4677734e-01
  -2.5830078e-01
  -6.5429688e-02
   1.3330078e-01
   3.2226562e-01
   4.9316406e-01
   5.9863281e-01
   6.0791016e-01
   5.4980469e-01
   4.6093750e-01
   3.4912109e-01
   1.8554688e-01
   4.1503906e-02
  -3.0761719e-02
  -3.0273438e-02
   3.4179688e-03
   5.0292969e-02
   1.0644531e-01
   1.9921875e-01
   2.9345703e-01
   2.3486328e-01
   8.9355469e-02
  -4.5898438e-02
  -2.0507812e-01
  -3.4863281e-01
  -5.6005859e-01
  -6.7871094e-01
  -6.9433594e-01
  -6.1669922e-01
  -5.0000000e-01
  -3.8134766e-01
  -1.8164062e-01
   3.2714844e-02
   2.3242188e-01
   3.5058594e-01
   3.9746094e-01
   3.8085938e-01
   2.8076172e-01
   1.1523438e-01
  -8.6425781e-02
  -2.4804688e-01
  -3.6572266e-01
  -4.2773438e-01
  -4.3359375e-01
  -3.6816406e-01
  -2.2998047e-01
  -5.8105469e-02
   1.1376953e-01
   2.4951172e-01
   3.6669922e-01
   4.5312500e-01
   4.7460938e-01
   4.1845703e-01
   3.2666016e-01
   2.3242188e-01
   1.2109375e-01
   3.0761719e-02
  -8.7890625e-03
   1.2695312e-02
   6.6894531e-02
   1.3378906e-01
   2.0996094e-01
   2.7685547e-01
   3.1884766e-01
   3.4082031e-01
   2.9394531e-01
   1.4697266e-01
  -1.3671875e-02
  -1.7529297e-01
  -3.1884766e-01
  -4.6240234e-01
  -5.8056641e-01
  -6.2304688e-01
  -5.8789062e-01
  -4.7460938e-01
  -3.4863281e-01
  -2.0263672e-01
  -4.2968750e-02
   1.2011719e-01
   2.4902344e-01
   2.9296875e-01
   2.6367188e-01
   1.7236328e-01
   7.8125000e-02
  -3.5644531e-02
  -1.4062500e-01
  -2.2265625e-01
  -2.4707031e-01
  -2.0996094e-01
  -1.4111328e-01
  -4.3945312e-02
   6.2988281e-02
   1.8359375e-01
   2.8027344e-01
   3.3447266e-01
   3.3935547e-01
   3.0664062e-01
   2.6757812e-01
   2.1484375e-01
   1.6162109e-01
   9.5214844e-02
   6.4453125e-02
   8.4960938e-02
   1.1718750e-01
   1.4257812e-01
   1.7041016e-01
   2.1777344e-01
   2.3681641e-01
   2.2607422e-01
   1.9042969e-01
   1.4453125e-01
   8.7402344e-02
  -4.1992188e-02
  -1.9238281e-01
  -3.3691406e-01
  -4.3994141e-01
  -5.0000000e-01
  -5.6103516e-01
  -5.7177734e-01
  -5.4150391e-01
  -4.3310547e-01
  -2.9785156e-01
  -1.6064453e-01
  -5.2246094e-02
   1.8066406e-02
   8.2031250e-02
   1.1718750e-01
   1.2500000e-01
   8.1542969e-02
   2.3437500e-02
  -2.0996094e-02
  -2.8808594e-02
  -1.5625000e-02
   8.7890625e-03
   5.0781250e-02
   1.0205078e-01
   1.6503906e-01
   2.1142578e-01
   2.3828125e-01
   2.4169922e-01
   2.2265625e-01
   1.9580078e-01
   1.5283203e-01
   1.0253906e-01
   6.2988281e-02
   4.4433594e-02
   3.5156250e-02
   4.5410156e-02
   5.0781250e-02
   6.7871094e-02
   9.9121094e-02
   1.2158203e-01
   1.4892578e-01
   1.3476562e-01
   1.0693359e-01
   6.3964844e-02
   3.2714844e-02
  -1.4648438e-03
  -3.8574219e-02
  -8.4960938e-02
  -1.5380859e-01
  -2.1044922e-01
  -2.5146484e-01
  -2.6757812e-01
  -2.8320312e-01
  -3.0419922e-01
  -2.9492188e-01
  -2.6074219e-01
  -1.9531250e-01
  -1.3037109e-01
  -8.4960938e-02
  -4.6875000e-02
  -1.0253906e-02
   4.1992188e-02
   8.0078125e-02
   9.4238281e-02
   7.7636719e-02
   5.4687500e-02
   5.2246094e-02
   6.3964844e-02
   8.2031250e-02
   9.5703125e-02
   1.2158203e-01
   1.5478516e-01
   1.8750000e-01
   1.9824219e-01
   1.8896484e-01
   1.7724609e-01
   1.6210938e-01
   1.3427734e-01
   9.0332031e-02
   4.8339844e-02
   2.8320312e-02
   1.8066406e-02
   1.4648438e-03
  -6.8359375e-03
  -1.1718750e-02
  -1.1230469e-02
  -1.3183594e-02
  -4.3945312e-03
   1.4648438e-03
  -1.0742188e-02
  -2.2949219e-02
  -4.3945312e-02
  -6.3476562e-02
  -7.3242188e-02
  -7.1777344e-02
  -6.6406250e-02
  -6.3476562e-02
  -7.6171875e-02
  -1.0009766e-01
  -1.2011719e-01
  -1.4208984e-01
  -1.4794922e-01
  -1.5039062e-01
  -1.4599609e-01
  -1.4892578e-01
  -1.4990234e-01
  -1.2646484e-01
  -9.1308594e-02
  -5.9570312e-02
  -4.9316406e-02
  -3.6132812e-02
  -1.3671875e-02
   1.9531250e-02
   4.5410156e-02
   5.7128906e-02
   5.8105469e-02
   6.1035156e-02
   8.6425781e-02
   1.2060547e-01
   1.4941406e-01
   1.6064453e-01
   1.5087891e-01
   1.3867188e-01
   1.3427734e-01
   1.2402344e-01
   9.2285156e-02
   4.0527344e-02
  -7.3242188e-03
  -2.5878906e-02
  -2.2460938e-02
  -6.3476562e-03
  -9.7656250e-03
  -2.0996094e-02
  -1.5625000e-02
   5.3710938e-03
   2.7343750e-02
   3.2714844e-02
   2.2949219e-02
   6.3476562e-03
   1.4648438e-03
   1.0742188e-02
   3.9062500e-03
   5.8593750e-03
   1.8554688e-02
   3.8085938e-02
   5.9570312e-02
   6.8847656e-02